Datetime,Water Level (m)
2025-10-17 18:00:00,0.027388291
2025-10-17 19:00:00,0.031189011
2025-10-17 20:00:00,0.040026736
2025-10-17 21:00:00,0.052897487
2025-10-17 22:00:00,0.06772302
2025-10-17 23:00:00,0.0828287
2025-10-18 00:00:00,0.0957075
2025-10-18 01:00:00,0.103176616
2025-10-18 02:00:00,0.10763226
2025-10-18 03:00:00,0.10658568
2025-10-18 04:00:00,0.1050833
2025-10-18 05:00:00,0.10403996
2025-10-18 06:00:00,0.103944145
2025-10-18 07:00:00,0.10826828
2025-10-18 08:00:00,0.11779133
2025-10-18 09:00:00,0.13060237
2025-10-18 10:00:00,0.14474356
2025-10-18 11:00:00,0.15758793
2025-10-18 12:00:00,0.16844113
2025-10-18 13:00:00,0.17434856
2025-10-18 14:00:00,0.17894429
2025-10-18 15:00:00,0.18187773
2025-10-18 16:00:00,0.18277568
2025-10-18 17:00:00,0.18053317
2025-10-18 18:00:00,0.1781004
2025-10-18 19:00:00,0.18087046
2025-10-18 20:00:00,0.19065851
2025-10-18 21:00:00,0.20488852
2025-10-18 22:00:00,0.22265813
2025-10-18 23:00:00,0.24034923
2025-10-19 00:00:00,0.25571746
2025-10-19 01:00:00,0.2684289
2025-10-19 02:00:00,0.2774012
2025-10-19 03:00:00,0.28237256
2025-10-19 04:00:00,0.28463164
2025-10-19 05:00:00,0.28502858
2025-10-19 06:00:00,0.28576416
2025-10-19 07:00:00,0.29046786
2025-10-19 08:00:00,0.3006674
2025-10-19 09:00:00,0.3164226
2025-10-19 10:00:00,0.33484763
2025-10-19 11:00:00,0.35340568
2025-10-19 12:00:00,0.37020415
2025-10-19 13:00:00,0.38346195
2025-10-19 14:00:00,0.39312807
2025-10-19 15:00:00,0.399807
2025-10-19 16:00:00,0.40443742
2025-10-19 17:00:00,0.40780124
2025-10-19 18:00:00,0.41069818
2025-10-19 19:00:00,0.41501594
2025-10-19 20:00:00,0.42366773
2025-10-19 21:00:00,0.43780467
2025-10-19 22:00:00,0.455796
2025-10-19 23:00:00,0.47591764
2025-10-20 00:00:00,0.49531344
2025-10-20 01:00:00,0.5116258
2025-10-20 02:00:00,0.5244651
2025-10-20 03:00:00,0.5346684
2025-10-20 04:00:00,0.5416118
2025-10-20 05:00:00,0.54627436
2025-10-20 06:00:00,0.54960036
2025-10-20 07:00:00,0.5532161
2025-10-20 08:00:00,0.5598538
2025-10-20 09:00:00,0.57186997
2025-10-20 10:00:00,0.5880976
2025-10-20 11:00:00,0.6061935
2025-10-20 12:00:00,0.6239743
2025-10-20 13:00:00,0.63899755
2025-10-20 14:00:00,0.65064645
2025-10-20 15:00:00,0.65936214
2025-10-20 16:00:00,0.6656925
2025-10-20 17:00:00,0.6702574
2025-10-20 18:00:00,0.6737036
2025-10-20 19:00:00,0.6771206
2025-10-20 20:00:00,0.68323296
2025-10-20 21:00:00,0.6945481
2025-10-20 22:00:00,0.71097773
2025-10-20 23:00:00,0.7306639
2025-10-21 00:00:00,0.75094014
2025-10-21 01:00:00,0.76855946
2025-10-21 02:00:00,0.78283346
2025-10-21 03:00:00,0.7937319
2025-10-21 04:00:00,0.8015453
2025-10-21 05:00:00,0.8069698
2025-10-21 06:00:00,0.81052595
2025-10-21 07:00:00,0.813097
2025-10-21 08:00:00,0.8168178
2025-10-21 09:00:00,0.824427
2025-10-21 10:00:00,0.83694327
2025-10-21 11:00:00,0.8522279
2025-10-21 12:00:00,0.8678566
2025-10-21 13:00:00,0.88150686
2025-10-21 14:00:00,0.8921403
2025-10-21 15:00:00,0.8997995
2025-10-21 16:00:00,0.9050605
2025-10-21 17:00:00,0.90821844
2025-10-21 18:00:00,0.90964353
2025-10-21 19:00:00,0.910064
2025-10-21 20:00:00,0.91182506
2025-10-21 21:00:00,0.9171858
2025-10-21 22:00:00,0.927778
2025-10-21 23:00:00,0.9426616
2025-10-22 00:00:00,0.9593053
2025-10-22 01:00:00,0.9746811
2025-10-22 02:00:00,0.9872515
2025-10-22 03:00:00,0.99656963
2025-10-22 04:00:00,1.0028145
2025-10-22 05:00:00,1.006618
2025-10-22 06:00:00,1.0084828
2025-10-22 07:00:00,1.0089555
2025-10-22 08:00:00,1.0094072
2025-10-22 09:00:00,1.0122727
2025-10-22 10:00:00,1.0197881
2025-10-22 11:00:00,1.031256
2025-10-22 12:00:00,1.0446029
2025-10-22 13:00:00,1.0559536
2025-10-22 14:00:00,1.0649954
2025-10-22 15:00:00,1.0709608
2025-10-22 16:00:00,1.0747315
2025-10-22 17:00:00,1.0762713
2025-10-22 18:00:00,1.0760682
2025-10-22 19:00:00,1.0745261
2025-10-22 20:00:00,1.0729734
2025-10-22 21:00:00,1.0736947
2025-10-22 22:00:00,1.0794437
2025-10-22 23:00:00,1.0898865
2025-10-23 00:00:00,1.1034929
2025-10-23 01:00:00,1.1172093
2025-10-23 02:00:00,1.1282505
2025-10-23 03:00:00,1.1364259
2025-10-23 04:00:00,1.1415676
2025-10-23 05:00:00,1.1441872
2025-10-23 06:00:00,1.1447995
2025-10-23 07:00:00,1.1439663
2025-10-23 08:00:00,1.1425949
2025-10-23 09:00:00,1.142373
2025-10-23 10:00:00,1.1457696
2025-10-23 11:00:00,1.1535242
2025-10-23 12:00:00,1.1639286
2025-10-23 13:00:00,1.1738733
2025-10-23 14:00:00,1.1818316
2025-10-23 15:00:00,1.1873827
2025-10-23 16:00:00,1.1901827
2025-10-23 17:00:00,1.1905934
2025-10-23 18:00:00,1.1888727
